
../Matrices/1.matrix:


Puzzle:
9 2 0 0 0 0 5 8 4 
0 0 0 5 0 0 0 0 3 
0 8 3 0 9 2 0 0 0 
2 6 0 8 5 4 0 0 1 
0 0 5 3 6 1 0 9 0 
1 0 0 0 0 9 0 0 0 
8 5 0 2 0 3 0 1 0 
4 1 2 9 8 0 0 3 0 
3 9 0 0 0 6 8 0 0 

Puzzle:
9 2 0 0 0 0 5 8 4 
0 0 0 5 0 0 0 0 3 
0 8 3 0 9 2 0 0 0 
2 6 0 8 5 4 0 0 1 
0 0 5 3 6 1 0 9 0 
1 0 0 0 0 9 0 0 0 
8 5 0 2 0 3 0 1 0 
4 1 2 9 8 0 0 3 0 
3 9 0 0 0 6 8 0 0 

Solved in Iterations=92


../Matrices/2.matrix:


Puzzle:
0 0 3 0 0 5 0 0 4 
5 0 0 9 8 1 0 0 0 
0 0 0 0 0 0 0 2 0 
2 0 0 7 0 0 9 0 0 
0 8 0 0 9 0 0 3 0 
0 0 9 0 0 2 0 0 1 
0 3 0 0 0 0 0 0 0 
0 0 0 1 4 9 0 0 5 
9 0 0 3 0 0 8 0 0 

Puzzle:
0 0 3 0 0 5 0 0 4 
5 0 0 9 8 1 0 0 0 
0 0 0 0 0 0 0 2 0 
2 0 0 7 0 0 9 0 0 
0 8 0 0 9 0 0 3 0 
0 0 9 0 0 2 0 0 1 
0 3 0 0 0 0 0 0 0 
0 0 0 1 4 9 0 0 5 
9 0 0 3 0 0 8 0 0 

Solved in Iterations=48926


../Matrices/3.matrix:


Puzzle:
0 9 0 6 0 0 0 7 0 
0 5 2 0 7 0 0 4 8 
0 8 0 0 0 1 0 2 0 
0 0 5 0 0 0 0 0 3 
0 1 0 0 0 0 0 6 0 
3 0 0 0 0 0 4 0 0 
0 4 0 2 0 0 0 1 0 
2 6 0 0 4 0 5 3 0 
0 3 0 0 0 6 0 9 0 

Puzzle:
0 9 0 6 0 0 0 7 0 
0 5 2 0 7 0 0 4 8 
0 8 0 0 0 1 0 2 0 
0 0 5 0 0 0 0 0 3 
0 1 0 0 0 0 0 6 0 
3 0 0 0 0 0 4 0 0 
0 4 0 2 0 0 0 1 0 
2 6 0 0 4 0 5 3 0 
0 3 0 0 0 6 0 9 0 

Solved in Iterations=59932


../Matrices/4.matrix:


Puzzle:
0 7 0 0 0 0 0 0 6 
1 0 0 2 7 0 5 0 0 
0 0 0 0 4 0 0 3 0 
2 1 9 0 0 0 0 7 0 
0 0 8 0 0 0 4 0 0 
0 4 0 0 0 0 2 5 9 
0 9 0 0 3 0 0 0 0 
0 0 5 0 9 6 0 0 7 
7 0 0 0 0 0 0 8 0 

Puzzle:
0 7 0 0 0 0 0 0 6 
1 0 0 2 7 0 5 0 0 
0 0 0 0 4 0 0 3 0 
2 1 9 0 0 0 0 7 0 
0 0 8 0 0 0 4 0 0 
0 4 0 0 0 0 2 5 9 
0 9 0 0 3 0 0 0 0 
0 0 5 0 9 6 0 0 7 
7 0 0 0 0 0 0 8 0 

Solved in Iterations=60968


../Matrices/5.matrix:


Puzzle:
8 0 0 0 0 0 0 0 0 
0 0 3 6 0 0 0 0 0 
0 7 0 0 9 0 2 0 0 
0 5 0 0 0 7 0 0 0 
0 0 0 0 4 5 7 0 0 
0 0 0 1 0 0 0 3 0 
0 0 1 0 0 0 0 6 8 
0 0 8 5 0 0 0 1 0 
0 9 0 0 0 0 4 0 0 

Puzzle:
8 0 0 0 0 0 0 0 0 
0 0 3 6 0 0 0 0 0 
0 7 0 0 9 0 2 0 0 
0 5 0 0 0 7 0 0 0 
0 0 0 0 4 5 7 0 0 
0 0 0 1 0 0 0 3 0 
0 0 1 0 0 0 0 6 8 
0 0 8 5 0 0 0 1 0 
0 9 0 0 0 0 4 0 0 

Solved in Iterations=110527


../Matrices/6.matrix:


Puzzle:
0 0 0 0 0 0 0 0 0 
0 0 0 0 0 3 0 8 5 
0 0 1 0 2 0 0 0 0 
0 0 0 5 0 7 0 0 0 
0 0 4 0 0 0 1 0 0 
0 9 0 0 0 0 0 0 0 
5 0 0 0 0 0 0 7 3 
0 0 2 0 1 0 0 0 0 
0 0 0 0 4 0 0 0 9 

Puzzle:
0 0 0 0 0 0 0 0 0 
0 0 0 0 0 3 0 8 5 
0 0 1 0 2 0 0 0 0 
0 0 0 5 0 7 0 0 0 
0 0 4 0 0 0 1 0 0 
0 9 0 0 0 0 0 0 0 
5 0 0 0 0 0 0 7 3 
0 0 2 0 1 0 0 0 0 
0 0 0 0 4 0 0 0 9 

Solved in Iterations=69285844

Seconds to process 37.000
