Arg Count: 0006
Loop Index: 01
Arg: ../Matrices/1.matrix
../Matrices/1.matrix                                                                                
 
Puzzle:
9 2 0 0 0 0 5 8 4
0 0 0 5 0 0 0 0 3
0 8 3 0 9 2 0 0 0
2 6 0 8 5 4 0 0 1
0 0 5 3 6 1 0 9 0
1 0 0 0 0 9 0 0 0
8 5 0 2 0 3 0 1 0
4 1 2 9 8 0 0 3 0
3 9 0 0 0 6 8 0 0
 
Puzzle:
9 2 0 0 0 0 5 8 4
0 0 0 5 0 0 0 0 3
0 8 3 0 9 2 0 0 0
2 6 0 8 5 4 0 0 1
0 0 5 3 6 1 0 9 0
1 0 0 0 0 9 0 0 0
8 5 0 2 0 3 0 1 0
4 1 2 9 8 0 0 3 0
3 9 0 0 0 6 8 0 0
 
Solved in Iterations=000001125
 
Loop Index: 02
Arg: ../Matrices/2.matrix
../Matrices/2.matrix                                                                                
 
Puzzle:
0 0 3 0 0 5 0 0 4
5 0 0 9 8 1 0 0 0
0 0 0 0 0 0 0 2 0
2 0 0 7 0 0 9 0 0
0 8 0 0 9 0 0 3 0
0 0 9 0 0 2 0 0 1
0 3 0 0 0 0 0 0 0
0 0 0 1 4 9 0 0 5
9 0 0 3 0 0 8 0 0
 
Puzzle:
0 0 3 0 0 5 0 0 4
5 0 0 9 8 1 0 0 0
0 0 0 0 0 0 0 2 0
2 0 0 7 0 0 9 0 0
0 8 0 0 9 0 0 3 0
0 0 9 0 0 2 0 0 1
0 3 0 0 0 0 0 0 0
0 0 0 1 4 9 0 0 5
9 0 0 3 0 0 8 0 0
 
Solved in Iterations=001851615
 
Loop Index: 03
Arg: ../Matrices/3.matrix
../Matrices/3.matrix                                                                                
 
Puzzle:
0 9 0 6 0 0 0 7 0
0 5 2 0 7 0 0 4 8
0 8 0 0 0 1 0 2 0
0 0 5 0 0 0 0 0 3
0 1 0 0 0 0 0 6 0
3 0 0 0 0 0 4 0 0
0 4 0 2 0 0 0 1 0
2 6 0 0 4 0 5 3 0
0 3 0 0 0 6 0 9 0
 
Puzzle:
0 9 0 6 0 0 0 7 0
0 5 2 0 7 0 0 4 8
0 8 0 0 0 1 0 2 0
0 0 5 0 0 0 0 0 3
0 1 0 0 0 0 0 6 0
3 0 0 0 0 0 4 0 0
0 4 0 2 0 0 0 1 0
2 6 0 0 4 0 5 3 0
0 3 0 0 0 6 0 9 0
 
Solved in Iterations=000003852
 
Loop Index: 04
Arg: ../Matrices/4.matrix
../Matrices/4.matrix                                                                                
 
Puzzle:
0 7 0 0 0 0 0 0 6
1 0 0 2 7 0 5 0 0
0 0 0 0 4 0 0 3 0
2 1 9 0 0 0 0 7 0
0 0 8 0 0 0 4 0 0
0 4 0 0 0 0 2 5 9
0 9 0 0 3 0 0 0 0
0 0 5 0 9 6 0 0 7
7 0 0 0 0 0 0 8 0
 
Puzzle:
0 7 0 0 0 0 0 0 6
1 0 0 2 7 0 5 0 0
0 0 0 0 4 0 0 3 0
2 1 9 0 0 0 0 7 0
0 0 8 0 0 0 4 0 0
0 4 0 0 0 0 2 5 9
0 9 0 0 3 0 0 0 0
0 0 5 0 9 6 0 0 7
7 0 0 0 0 0 0 8 0
 
Solved in Iterations=000108648
 
Loop Index: 05
Arg: ../Matrices/5.matrix
../Matrices/5.matrix                                                                                
 
Puzzle:
8 0 0 0 0 0 0 0 0
0 0 3 6 0 0 0 0 0
0 7 0 0 9 0 2 0 0
0 5 0 0 0 7 0 0 0
0 0 0 0 4 5 7 0 0
0 0 0 1 0 0 0 3 0
0 0 1 0 0 0 0 6 8
0 0 8 5 0 0 0 1 0
0 9 0 0 0 0 4 0 0
 
Puzzle:
8 0 0 0 0 0 0 0 0
0 0 3 6 0 0 0 0 0
0 7 0 0 9 0 2 0 0
0 5 0 0 0 7 0 0 0
0 0 0 0 4 5 7 0 0
0 0 0 1 0 0 0 3 0
0 0 1 0 0 0 0 6 8
0 0 8 5 0 0 0 1 0
0 9 0 0 0 0 4 0 0
 
Solved in Iterations=008369217
 
Loop Index: 06
Arg: ../Matrices/6.matrix
../Matrices/6.matrix                                                                                
 
Puzzle:
0 0 0 0 0 0 0 0 0
0 0 0 0 0 3 0 8 5
0 0 1 0 2 0 0 0 0
0 0 0 5 0 7 0 0 0
0 0 4 0 0 0 1 0 0
0 9 0 0 0 0 0 0 0
5 0 0 0 0 0 0 7 3
0 0 2 0 1 0 0 0 0
0 0 0 0 4 0 0 0 9
