../Matrices/1.matrix

Puzzle:
9 2 0 0 0 0 5 8 4
0 0 0 5 0 0 0 0 3
0 8 3 0 9 2 0 0 0
2 6 0 8 5 4 0 0 1
0 0 5 3 6 1 0 9 0
1 0 0 0 0 9 0 0 0
8 5 0 2 0 3 0 1 0
4 1 2 9 8 0 0 3 0
3 9 0 0 0 6 8 0 0

Puzzle:
9 2 1 6 3 7 5 8 4
6 7 4 5 1 8 9 2 3
5 8 3 4 9 2 1 6 7
2 6 9 8 5 4 3 7 1
7 4 5 3 6 1 2 9 8
1 3 8 7 2 9 6 4 5
8 5 6 2 7 3 4 1 9
4 1 2 9 8 5 7 3 6
3 9 7 1 4 6 8 5 2

Solved in Iterations=656

../Matrices/2.matrix

Puzzle:
0 0 3 0 0 5 0 0 4
5 0 0 9 8 1 0 0 0
0 0 0 0 0 0 0 2 0
2 0 0 7 0 0 9 0 0
0 8 0 0 9 0 0 3 0
0 0 9 0 0 2 0 0 1
0 3 0 0 0 0 0 0 0
0 0 0 1 4 9 0 0 5
9 0 0 3 0 0 8 0 0

Puzzle:
8 6 3 2 7 5 1 9 4
5 4 2 9 8 1 6 7 3
1 9 7 4 3 6 5 2 8
2 5 4 7 1 3 9 8 6
6 8 1 5 9 4 2 3 7
3 7 9 8 6 2 4 5 1
4 3 5 6 2 8 7 1 9
7 2 8 1 4 9 3 6 5
9 1 6 3 5 7 8 4 2

Solved in Iterations=439269

../Matrices/3.matrix

Puzzle:
0 9 0 6 0 0 0 7 0
0 5 2 0 7 0 0 4 8
0 8 0 0 0 1 0 2 0
0 0 5 0 0 0 0 0 3
0 1 0 0 0 0 0 6 0
3 0 0 0 0 0 4 0 0
0 4 0 2 0 0 0 1 0
2 6 0 0 4 0 5 3 0
0 3 0 0 0 6 0 9 0

Puzzle:
4 9 3 6 8 2 1 7 5
1 5 2 3 7 9 6 4 8
7 8 6 4 5 1 3 2 9
6 7 5 1 2 4 9 8 3
8 1 4 5 9 3 7 6 2
3 2 9 8 6 7 4 5 1
9 4 7 2 3 5 8 1 6
2 6 1 9 4 8 5 3 7
5 3 8 7 1 6 2 9 4

Solved in Iterations=98847

Seconds to process 4.415795803070068
