
../Matrices/1.matrix:

9 2 0 0 0 0 5 8 4
0 0 0 5 0 0 0 0 3
0 8 3 0 9 2 0 0 0
2 6 0 8 5 4 0 0 1
0 0 5 3 6 1 0 9 0
1 0 0 0 0 9 0 0 0
8 5 0 2 0 3 0 1 0
4 1 2 9 8 0 0 3 0
3 9 0 0 0 6 8 0 0


Puzzles:
9 2 1 6 3 7 5 8 4
6 7 4 5 1 8 9 2 3
5 8 3 4 9 2 1 6 7
2 6 9 8 5 4 3 7 1
7 4 5 3 6 1 2 9 8
1 3 8 7 2 9 6 4 5
8 5 6 2 7 3 4 1 9
4 1 2 9 8 5 7 3 6
3 9 7 1 4 6 8 5 2


Solved in Iterations=92


Seconds to process 0.001

../Matrices/2.matrix:

0 0 3 0 0 5 0 0 4
5 0 0 9 8 1 0 0 0
0 0 0 0 0 0 0 2 0
2 0 0 7 0 0 9 0 0
0 8 0 0 9 0 0 3 0
0 0 9 0 0 2 0 0 1
0 3 0 0 0 0 0 0 0
0 0 0 1 4 9 0 0 5
9 0 0 3 0 0 8 0 0

Puzzles:
8 6 3 2 7 5 1 9 4
5 4 2 9 8 1 6 7 3
1 9 7 4 3 6 5 2 8
2 5 4 7 1 3 9 8 6
6 8 1 5 9 4 2 3 7
3 7 9 8 6 2 4 5 1
4 3 5 6 2 8 7 1 9
7 2 8 1 4 9 3 6 5
9 1 6 3 5 7 8 4 2

Solved in Iterations=48926


Seconds to process 0.472

../Matrices/3.matrix:

0 9 0 6 0 0 0 7 0
0 5 2 0 7 0 0 4 8
0 8 0 0 0 1 0 2 0
0 0 5 0 0 0 0 0 3
0 1 0 0 0 0 0 6 0
3 0 0 0 0 0 4 0 0
0 4 0 2 0 0 0 1 0
2 6 0 0 4 0 5 3 0
0 3 0 0 0 6 0 9 0

Puzzles:
4 9 3 6 8 2 1 7 5
1 5 2 3 7 9 6 4 8
7 8 6 4 5 1 3 2 9
6 7 5 1 2 4 9 8 3
8 1 4 5 9 3 7 6 2
3 2 9 8 6 7 4 5 1
9 4 7 2 3 5 8 1 6
2 6 1 9 4 8 5 3 7
5 3 8 7 1 6 2 9 4

Solved in Iterations=59932


Seconds to process 0.579

../Matrices/4.matrix:

0 7 0 0 0 0 0 0 6
1 0 0 2 7 0 5 0 0
0 0 0 0 4 0 0 3 0
2 1 9 0 0 0 0 7 0
0 0 8 0 0 0 4 0 0
0 4 0 0 0 0 2 5 9
0 9 0 0 3 0 0 0 0
0 0 5 0 9 6 0 0 7
7 0 0 0 0 0 0 8 0

Puzzles:
3 7 4 5 8 9 1 2 6
1 8 6 2 7 3 5 9 4
9 5 2 6 4 1 7 3 8
2 1 9 4 6 5 8 7 3
5 3 8 9 2 7 4 6 1
6 4 7 3 1 8 2 5 9
8 9 1 7 3 2 6 4 5
4 2 5 8 9 6 3 1 7
7 6 3 1 5 4 9 8 2

Solved in Iterations=60968


Seconds to process 0.590

../Matrices/5.matrix:

8 0 0 0 0 0 0 0 0
0 0 3 6 0 0 0 0 0
0 7 0 0 9 0 2 0 0
0 5 0 0 0 7 0 0 0
0 0 0 0 4 5 7 0 0
0 0 0 1 0 0 0 3 0
0 0 1 0 0 0 0 6 8
0 0 8 5 0 0 0 1 0
0 9 0 0 0 0 4 0 0

Puzzles:
8 1 2 7 5 3 6 4 9
9 4 3 6 8 2 1 7 5
6 7 5 4 9 1 2 8 3
1 5 4 2 3 7 8 9 6
3 6 9 8 4 5 7 2 1
2 8 7 1 6 9 5 3 4
5 2 1 9 7 4 3 6 8
4 3 8 5 2 6 9 1 7
7 9 6 3 1 8 4 5 2

Solved in Iterations=110527


Seconds to process 1.081

../Matrices/6.matrix:

0 0 0 0 0 0 0 0 0
0 0 0 0 0 3 0 8 5
0 0 1 0 2 0 0 0 0
0 0 0 5 0 7 0 0 0
0 0 4 0 0 0 1 0 0
0 9 0 0 0 0 0 0 0
5 0 0 0 0 0 0 7 3
0 0 2 0 1 0 0 0 0
0 0 0 0 4 0 0 0 9

Puzzles:
9 8 7 6 5 4 3 2 1
2 4 6 1 7 3 9 8 5
3 5 1 9 2 8 7 4 6
1 2 8 5 3 7 6 9 4
6 3 4 8 9 2 1 5 7
7 9 5 4 6 1 8 3 2
5 1 9 2 8 6 4 7 3
4 7 2 3 1 9 5 6 8
8 6 3 7 4 5 2 1 9

Solved in Iterations=69285844


Seconds to process 671.015
